Иванов.И.И. 28 2 1 1 0 0 25 21 1 1
Петров.А.В. 35 2 1 0 1 1 10 8 1 1
Сидорова.М.К. 22 1 0 1 0 0 2 3 0 0
Козлов.Д.С. 40 2 1 1 0 1 21 30 1 1
Смирнова.Е.П. 30 2 0 1 1 0 7 6 1 0
Федоров.Р.Н. 25 1 1 1 0 0 3 2 0 1
Новиков.К.А. 45 0 0 0 1 0 20 5 0 0
Морозова.А.Л. 29 2 0 0 1 1 4 7 1 1
Волков.П.М. 33 2 1 1 1 1 9 10 1 1
Белова.О.И. 27 1 0 1 0 0 1 1 0 0
Кузнецов.С.В. 38 2 1 0 0 1 12 9 1 0
Павлова.Н.Д. 31 2 0 1 1 1 6 5 1 1
Семенов.И.О. 24 0 1 0 0 0 0 0 0 0
Алексеев.В.Г. 50 1 1 0 0 0 25 15 0 1
Лебедева.Т.С. 26 2 0 1 1 0 3 4 1 0
